Initializing engine with: Sat Apr 05 06:10:19 PDT 2014
[I@155ec9f4
Initializing engine with: Sat Apr 05 06:10:19 PDT 2014
-1 -4091.859 [0 0.00e+00 0.87] [2.0e-01 1.0e-02 1.0e+01] 0.6149 0.6679
0 -4059.864 [1 1.00e-04 0.87] [4.5e-01 1.2e-02 1.0e+01] 0.6248 0.6779
10000 -3986.505 [2534 2.53e-01 0.50] [3.2e-01 1.2e-02 1.0e+01] 0.5112 0.5449
20000 -3986.505 [586 5.86e-02 0.50] [3.2e-01 1.2e-02 1.0e+01] 0.5112 0.5449
30000 -3993.058 [878 8.78e-02 0.50] [3.3e-01 1.2e-02 1.0e+01] 0.5300 0.5637
40000 -3994.295 [832 8.32e-02 0.50] [3.3e-01 1.2e-02 1.0e+01] 0.5000 0.5624
999999 -3986.505 [586 5.86e-02 0.00] [3.2e-01 1.2e-02 1.0e+01] 0.5112 0.5449
[2, 4, 14, 18, 33, 56, 64, 64, 67, 70]
